10 6 6 6 6 6 6 6 6 6 6 6 6 6 6 6 6 6 6 6 9
3 0 0 0 4 0 4 0 4 0 4 0 0 0 4 0 4 0 4 0 4
3 0 6 0 4 0 4 0 4 6 4 6 6 0 4 0 4 0 4 6 4
3 0 6 0 0 0 0 0 0 0 0 0 4 0 4 0 0 0 0 0 4
3 0 6 6 6 6 6 6 6 6 6 0 4 6 4 6 6 6 6 0 4
3 0 0 0 0 4 0 0 0 0 4 0 0 0 0 0 0 4 0 0 4
3 6 6 6 0 4 6 6 0 6 4 6 6 6 6 6 0 4 6 0 4
3 0 0 0 0 4 0 0 0 4 0 0 0 0 0 4 0 4 0 0 4
3 0 6 0 6 4 6 0 4 0 6 6 6 0 6 4 0 4 0 6 4
3 0 6 0 0 0 0 0 4 0 4 0 0 0 6 0 0 0 0 0 4
3 6 6 0 6 6 6 0 4 6 4 6 6 0 6 0 6 0 6 6 4
3 0 0 0 0 4 0 0 0 0 0 0 0 0 0 0 4 0 0 0 4
3 0 6 6 6 4 6 6 0 6 6 6 6 0 6 6 4 6 6 0 4
3 0 0 0 0 0 0 0 0 4 0 0 0 0 0 4 0 0 0 0 0
3 0 6 0 6 6 6 6 0 4 6 6 6 6 4 0 6 6 0 6 4
0 0 0 0 0 0 0 0 0 0 0 0 0 0 0 0 0 0 0 0 4
8 5 5 5 5 5 5 5 5 5 5 5 5 5 5 5 5 5 5 5 7